place_id,place_name,about,link
ChIJFbKJ3xj9DDkRlp2_KZ42V90,Jama Masjid,All,https://lh5.googleusercontent.com/p/AF1QipMak1D51ms3fAec8Hv85TWzznlDqiSG6WVzH1oo=w447-h298-k-no
ChIJFbKJ3xj9DDkRlp2_KZ42V90,Jama Masjid,Latest,https://lh5.googleusercontent.com/p/AF1QipNNRpm0-dXpgV9oJsKWwcImDfg9o81awCWu2hlm=w224-h398-k-no
ChIJFbKJ3xj9DDkRlp2_KZ42V90,Jama Masjid,Videos,https://lh5.googleusercontent.com/p/AF1QipMlxs5wfHk0o905fntq2LudrTJLkjZky0yCrLHV=w529-h298-k-no
ChIJFbKJ3xj9DDkRlp2_KZ42V90,Jama Masjid,National Boot House,https://lh5.googleusercontent.com/p/AF1QipM5PMl5iJ13XFmdtykdBe9uqqkRj7XNcGjDk_Gd=w529-h298-k-no
ChIJFbKJ3xj9DDkRlp2_KZ42V90,Jama Masjid,Dome,https://lh5.googleusercontent.com/p/AF1QipN2U6zM28o9erhatzJ_mJpeLOkFiGCQiEtj0B9g=w274-h298-k-no
ChIJFbKJ3xj9DDkRlp2_KZ42V90,Jama Masjid,Street View & 360deg,https://lh5.googleusercontent.com/p/AF1QipPz_Omqh6xT1_brAdCRe0ER_BM8EZGxJGXxUSA=w224-h298-k-no-pi-30.000002-ya291.3302-ro-0-fo100
ChIJ5YOAhnFJmjkRNwEVJqmAZDU,MASJID BAHADUR KA PURVA,All,https://lh5.googleusercontent.com/p/AF1QipNfnPeP4biHSLf4_VHjFE2cJjd9Lxpes2Kqa2gO=w529-h298-k-no
ChIJ5YOAhnFJmjkRNwEVJqmAZDU,MASJID BAHADUR KA PURVA,Latest,https://lh5.googleusercontent.com/p/AF1QipOEUSxAJqgSeiJQS3BcoK2Vh18_er5B5cm2rvoV=w224-h398-k-no
ChIJ5YOAhnFJmjkRNwEVJqmAZDU,MASJID BAHADUR KA PURVA,Videos,https://lh5.googleusercontent.com/p/AF1QipP4odgypMqR4csx_NxdYEIWDeARoY6TRJWjVCp_=w298-h298-k-no
ChIJiyvz2g11nDkRA9TSpLwPHdE,Jumma Masjid,All,https://lh5.googleusercontent.com/p/AF1QipOoFoHioGLvhHcrP1IJulqbigkMQm_U8-sfRfs=w224-h298-k-no
ChIJiyvz2g11nDkRA9TSpLwPHdE,Jumma Masjid,Dome,https://lh5.googleusercontent.com/p/AF1QipOduFkSmQAdR68x2BJjW2S-9SRJQGA9V7xLrDs=w529-h298-k-no
ChIJiyvz2g11nDkRA9TSpLwPHdE,Jumma Masjid,Videos,https://lh5.googleusercontent.com/p/AF1QipNpZllSOgfZpBJ_V50eiyQPwvhE-C6HD1wGCZ_f=w541-h298-k-no
ChIJ6VCZeULiDDkR-ECxGFS68LI,Masjid Moth,All,https://lh5.googleusercontent.com/p/AF1QipNtxwh2kZLuz6nxQHQwr72uh1RGcPFbQ5GR-FaK=w407-h298-k-no
ChIJ6VCZeULiDDkR-ECxGFS68LI,Masjid Moth,Latest,https://lh5.googleusercontent.com/p/AF1QipNHzfC__WPwbsAJyGT4-Fd6v2UCKJ3pKQh7Ld-_=w397-h298-k-no
ChIJ6VCZeULiDDkR-ECxGFS68LI,Masjid Moth,Videos,https://lh5.googleusercontent.com/p/AF1QipOErgRYZmqhpfHzqcP_EphJgVbOb3tTOqTv31vE=w529-h298-k-no
ChIJ6VCZeULiDDkR-ECxGFS68LI,Masjid Moth,Dome,https://lh5.googleusercontent.com/p/AF1QipMKFpFmRT6yYXCaWFJBtACywWL01Un1oL6zmaoE=w397-h298-k-no
ChIJ6VCZeULiDDkR-ECxGFS68LI,Masjid Moth,Street View & 360deg,https://lh5.googleusercontent.com/p/AF1QipOwLkruWfY46QnsV3AIITSYY5WhlkbRkre8TmqR=w224-h298-k-no-pi-14.840526-ya18.926828-ro-0-fo100
ChIJ-ReUzaMdDTkRYxxNczx73T0,R.k. puram masjid ar.khy.pwrm msjd,All,https://streetviewpixels-pa.googleapis.com/v1/thumbnail?panoid=FKoPuxqi_l0Uk2jSEJdawg&cb_client=maps_sv.tactile.gps&w=224&h=298&yaw=119.14864&pitch=0&thumbfov=100
ChIJ-ReUzaMdDTkRYxxNczx73T0,R.k. puram masjid ar.khy.pwrm msjd,Street View & 360deg,https://streetviewpixels-pa.googleapis.com/v1/thumbnail?panoid=FKoPuxqi_l0Uk2jSEJdawg&cb_client=maps_sv.tactile.gps&w=224&h=298&yaw=119.14864&pitch=0&thumbfov=100
ChIJH16Q9hYeDTkRgfiUyslsuSU,Pare wali masjid - paare vaalii msjid (vkph),All,https://lh5.googleusercontent.com/p/AF1QipMqC5qUjG9dyjfkqQfIzEb-PzCcKDcYEyyBi_Vo=w397-h298-k-no
ChIJH16Q9hYeDTkRgfiUyslsuSU,Pare wali masjid - paare vaalii msjid (vkph),By owner,https://lh5.googleusercontent.com/p/AF1QipNaPXv1VmrzloEIeDVrzMW2hgAqkYb6Qnvzg0d0=w397-h298-k-no
ChIJH16Q9hYeDTkRgfiUyslsuSU,Pare wali masjid - paare vaalii msjid (vkph),Videos,https://lh5.googleusercontent.com/p/AF1QipMT4DK4nwDTkO2KCwknTTVxhGZOhOdMSTie3IFl=w224-h408-k-no
ChIJ3brWexHhDDkRxWzY5VWnsus,Mehboo e Elahi Masjid msjd mHbwbi lhy,All,https://lh5.googleusercontent.com/p/AF1QipPC88_DbmtH85nebGcZ_P8mVHqdOKZIf49SXI6l=w529-h298-k-no
ChIJ3brWexHhDDkRxWzY5VWnsus,Mehboo e Elahi Masjid msjd mHbwbi lhy,Videos,https://lh5.googleusercontent.com/p/AF1QipM0ZKXQ1GHg9gFPvqyVj_C1cQhi2gxaYICQDGZT=w529-h298-k-no
ChIJkccDCxviDDkRJ5U2vUoIYRU,Peepal Wali Masjid,All,https://lh5.googleusercontent.com/p/AF1QipMajrutwP4xpLCpEi_M8ktotj67E430ZKjF4fMp=w224-h298-k-no
ChIJkccDCxviDDkRJ5U2vUoIYRU,Peepal Wali Masjid,Latest,https://lh5.googleusercontent.com/p/AF1QipOcm4B5OjrXPCQbhYNxLsYhYfRd09xcscmwrK8=w224-h399-k-no
ChIJkccDCxviDDkRJ5U2vUoIYRU,Peepal Wali Masjid,Videos,https://lh5.googleusercontent.com/p/AF1QipNv1-ZaHU9Ju_Cii6x7owCVIdRpKVvXoS7hHOD0=w224-h398-k-no
ChIJkccDCxviDDkRJ5U2vUoIYRU,Peepal Wali Masjid,Street View & 360deg,https://streetviewpixels-pa.googleapis.com/v1/thumbnail?panoid=HtTKWENrG3hZh0M7Nv_q0A&cb_client=maps_sv.tactile.gps&w=224&h=298&yaw=136.13931&pitch=0&thumbfov=100
ChIJm6kMTOVkDDkRsK6iLmegLJE,Purva Shekh Lal Masjid,All,https://lh5.googleusercontent.com/p/AF1QipPvAqnsc6BUdOEhtzrHtIpRkHUoLC4zgDV-t8Jv=w224-h298-k-no
ChIJm6kMTOVkDDkRsK6iLmegLJE,Purva Shekh Lal Masjid,Street View & 360deg,https://streetviewpixels-pa.googleapis.com/v1/thumbnail?panoid=Bp2l2xVK2iGGSRCypd2qZQ&cb_client=maps_sv.tactile.gps&w=224&h=298&yaw=299.4934&pitch=0&thumbfov=100
ChIJm6kMTOVkDDkRsK6iLmegLJE,Purva Shekh Lal Masjid,Videos,https://lh5.googleusercontent.com/p/AF1QipM6qGvBdHYswtiun5_i-8Cj3u2JTa8eR7d2LkPv=w541-h298-k-no
ChIJuRWlP3FXmTkRQ90O6DGcp3Y,Masjid Al Hayas,All,https://lh5.googleusercontent.com/p/AF1QipOHzoIkAW6njZb5GEb2RB87hwPcvdpr0G5pFHY0=w529-h298-k-no
ChIJAzUBOMvxDDkRPfM0zmqE32w,MASJID SARAI NAZAR ALI,All,https://lh5.googleusercontent.com/p/AF1QipOVbRjyLK0q3qSvDVtttRH0c7K6gfoWxbKEK-bu=w224-h298-k-no
ChIJAzUBOMvxDDkRPfM0zmqE32w,MASJID SARAI NAZAR ALI,Latest,https://lh5.googleusercontent.com/p/AF1QipM3hY5U7z_pyl5b56gl1fLVxrRD6Fe03qtH-YYt=w224-h298-k-no
ChIJAzUBOMvxDDkRPfM0zmqE32w,MASJID SARAI NAZAR ALI,Street View & 360deg,https://streetviewpixels-pa.googleapis.com/v1/thumbnail?panoid=mJMfRVYrtfilDRGwL3AauQ&cb_client=maps_sv.tactile.gps&w=224&h=298&yaw=218.62007&pitch=0&thumbfov=100
ChIJScGRa_hImjkRxPzMF4PWIiY,Masjid Thani Ka Purwa,All,https://lh5.googleusercontent.com/p/AF1QipO1AydRaohFt4Chej2LJfXHXHmY4E3PSIS0bVvH=w397-h298-k-no
ChIJScGRa_hImjkRxPzMF4PWIiY,Masjid Thani Ka Purwa,Videos,https://lh5.googleusercontent.com/p/AF1QipOPBoJBccOcD7eHGCuU2rXL-dI4HwmbBQ8hcZHj=w298-h298-k-no
ChIJQ8XcpqY1mjkRhUELQZKAkKg,Masjid -murtii kaa purvaa,All,https://lh5.googleusercontent.com/p/AF1QipMWtkgiHiHJ06GpCfpwT5TNaUJbQc_SlkpDv0Yq=w224-h398-k-no
ChIJQ8XcpqY1mjkRhUELQZKAkKg,Masjid -murtii kaa purvaa,Dome,https://lh5.googleusercontent.com/p/AF1QipPBTRz5KypXLChyNNCgEAOSMK7dLuIYSqTQRmyE=w224-h398-k-no
ChIJQ8XcpqY1mjkRhUELQZKAkKg,Masjid -murtii kaa purvaa,Videos,https://lh5.googleusercontent.com/p/AF1QipOLsui2YlVPxh_I3JZeO9JLFhsAnl_Us8hakcjW=w224-h398-k-no
ChIJQ8XcpqY1mjkRhUELQZKAkKg,Masjid -murtii kaa purvaa,Street View & 360deg,https://streetviewpixels-pa.googleapis.com/v1/thumbnail?panoid=IyDELnfZeQovxy8r5iKrrw&cb_client=maps_sv.tactile.gps&w=224&h=298&yaw=116.8119&pitch=0&thumbfov=100
ChIJXWTxSLBlDDkRUM_TM8VZSe4,Masjid purwa peer baksh,All,https://lh5.googleusercontent.com/p/AF1QipOCgLxuXWeZqjKj1rjKB0IDU9MePVLDverIw0Mr=w224-h298-k-no
ChIJO61StDTwmTkRRKsrc901Snw,Salarpurwa Masjid,All,https://lh5.googleusercontent.com/p/AF1QipPc2Knkpaiu55gGCc3aw8IdP9zAxasxELx3NOYQ=w224-h533-k-no
ChIJ2fIAbFZkDDkRToeLBfR51zY,Masjid Al Hilal,All,https://lh5.googleusercontent.com/p/AF1QipMeq2KjIxHjLhWu0ySBSE4nIaGrlBHTA-EPw37G=w397-h298-k-no
ChIJj6E4zfJNmDkRBLiBU1i9iwE,Aalam Masjid Banjaran Purwa,All,https://lh5.googleusercontent.com/p/AF1QipO4fgb0xYMgfoQbmIYVf9bDHpdx-Mdbry6M0KEY=w224-h398-k-no
ChIJj6E4zfJNmDkRBLiBU1i9iwE,Aalam Masjid Banjaran Purwa,Street View & 360deg,https://streetviewpixels-pa.googleapis.com/v1/thumbnail?panoid=CeB70gRHhC8EGgv9v0GXEA&cb_client=maps_sv.tactile.gps&w=224&h=298&yaw=335.60367&pitch=0&thumbfov=100
ChIJj6E4zfJNmDkRBLiBU1i9iwE,Aalam Masjid Banjaran Purwa,Videos,https://lh5.googleusercontent.com/p/AF1QipO0Su-ZdpuIXu2sYHa5c8L-67xCxhKfsq9KwKXR=w224-h398-k-no
ChIJPYcoaUQRmjkR64kXovlFm4E,Noori Masjid Bhulai Ka Purwa,All,https://lh5.googleusercontent.com/p/AF1QipMKKI3uErkT9re3bUrqO46c0wYFFazu03adrjoo=w224-h298-k-no
ChIJz9NqVREtnzkRMro7WdBzaCQ,Budhanapur Masjid,All,https://lh5.googleusercontent.com/p/AF1QipMj9WEkNWXjt1SaEvugRmhIt-Wq2cElMwwFFPCw=w224-h298-k-no
ChIJz9NqVREtnzkRMro7WdBzaCQ,Budhanapur Masjid,Videos,https://lh5.googleusercontent.com/p/AF1QipMCs1LFsQrO96wxZdFm5Wf8iW0sgqcjbjiMkbuO=w298-h298-k-no
ChIJ_dqlfC74njkRHyt6T2sjXR8,Masjid Chile Purva,All,https://lh5.googleusercontent.com/p/AF1QipMnlwIkFNXYyMCkuXkkWtpjLq92Cj6b8bFs-pgD=w224-h398-k-no
ChIJ_dqlfC74njkRHyt6T2sjXR8,Masjid Chile Purva,Street View & 360deg,https://streetviewpixels-pa.googleapis.com/v1/thumbnail?panoid=BAm7dxC_ODvq3fnDMSVjuA&cb_client=maps_sv.tactile.gps&w=224&h=298&yaw=171.3439&pitch=0&thumbfov=100
ChIJf297VMRFCzkR5t5fPpEiLgQ,Masjid (Mosque),All,https://lh5.googleusercontent.com/p/AF1QipP523Nlb_7IJK9jImHoaQ2994Eh0Ji8Xw5sokHj=w224-h298-k-no
ChIJf297VMRFCzkR5t5fPpEiLgQ,Masjid (Mosque),Street View & 360deg,https://streetviewpixels-pa.googleapis.com/v1/thumbnail?panoid=UnhTboKxE3OKy-m3kRqURw&cb_client=maps_sv.tactile.gps&w=224&h=298&yaw=102.16668&pitch=0&thumbfov=100
ChIJHQbzqZuZmTkRTrQkAroirys,MASJID JOLAHANPURWA,All,https://lh5.googleusercontent.com/p/AF1QipMhAMjywX4fZOCdXBWJPe9aJdnghMbT8NsZio_t=w248-h298-k-no
ChIJNY9ywiDFmTkRvqS71-Dlxl0,Pathan purwa masjid,All,https://lh5.googleusercontent.com/p/AF1QipNwAGdTlMozibDIn-BR_ql1H0KkIzDGAZTmuAn4=w529-h298-k-no
ChIJNY9ywiDFmTkRvqS71-Dlxl0,Pathan purwa masjid,Videos,https://lh5.googleusercontent.com/p/AF1QipNXCRWKWSjyw5oQehyFAIEoo7yuwxEMggJS0VGE=w224-h398-k-no
ChIJfUz7Cf5hmTkRfjWIAFdjaxY,Linepurwa Masjid,All,https://streetviewpixels-pa.googleapis.com/v1/thumbnail?panoid=iA9sZHnXgxzUn6KJxBVGNA&cb_client=maps_sv.tactile.gps&w=224&h=298&yaw=192.2147&pitch=0&thumbfov=100
ChIJfUz7Cf5hmTkRfjWIAFdjaxY,Linepurwa Masjid,Street View & 360deg,https://streetviewpixels-pa.googleapis.com/v1/thumbnail?panoid=iA9sZHnXgxzUn6KJxBVGNA&cb_client=maps_sv.tactile.gps&w=224&h=298&yaw=192.2147&pitch=0&thumbfov=100
ChIJfUz7Cf5hmTkRfjWIAFdjaxY,Linepurwa Masjid,Videos,https://lh5.googleusercontent.com/p/AF1QipOYepE17FC2AnOBdsTNujbNsoVN7Se1uTPmu2QY=w529-h298-k-no
ChIJN0V9QFdkDDkRp1EI44tMJD4,Aisha Masjid,All,https://streetviewpixels-pa.googleapis.com/v1/thumbnail?panoid=Ev9lQSIzTZ0b0HtkenuGEQ&cb_client=maps_sv.tactile.gps&w=224&h=298&yaw=19.49581&pitch=0&thumbfov=100
ChIJN0V9QFdkDDkRp1EI44tMJD4,Aisha Masjid,Street View & 360deg,https://streetviewpixels-pa.googleapis.com/v1/thumbnail?panoid=Ev9lQSIzTZ0b0HtkenuGEQ&cb_client=maps_sv.tactile.gps&w=224&h=298&yaw=19.49581&pitch=0&thumbfov=100
ChIJ2Q7PWlF9mTkR2uhfTVUtLFk,Elahi Masjid Purwa,All,https://lh5.googleusercontent.com/p/AF1QipOEqhu39dqi2jdPGQcX9AJWIlohzfTyzIWpr4QK=w224-h298-k-no
ChIJ2Q7PWlF9mTkR2uhfTVUtLFk,Elahi Masjid Purwa,Street View & 360deg,https://streetviewpixels-pa.googleapis.com/v1/thumbnail?panoid=SoV-ENgBQz8XFFIUj0hxaw&cb_client=maps_sv.tactile.gps&w=224&h=298&yaw=221.36984&pitch=0&thumbfov=100
ChIJB7hE5TzbmTkRnf068Tssr3c,Jama Masjid Chainpur,All,https://lh5.googleusercontent.com/p/AF1QipMKGHPbZcMQqxq8mWS-VwPt0b4StUFDCyyvCALg=w397-h298-k-no
ChIJB7hE5TzbmTkRnf068Tssr3c,Jama Masjid Chainpur,Videos,https://lh5.googleusercontent.com/p/AF1QipNc6L5wKxwWJCKOzPp93DBhFRSwtGfDAhcbZUfo=w224-h398-k-no
ChIJh3uT_YcXmjkRi_McIh0jvR0,Madina Masjid,All,https://lh5.googleusercontent.com/p/AF1QipMYq_J8YeKkZxOeHW_yn8RffO0FpmrdLGOushot=w397-h298-k-no
ChIJh3uT_YcXmjkRi_McIh0jvR0,Madina Masjid,Videos,https://lh5.googleusercontent.com/p/AF1QipPOjXPEWkKSfXrR_Q7CeeTx3oyveUKVc2EsZ_LA=w224-h457-k-no
ChIJ08CjcTI1nzkR-KQqYzplTvk,Masjid Mufti Ajam-e-hind (Hazrat Shaheed Mard Rahmtullah Alaih),All,https://streetviewpixels-pa.googleapis.com/v1/thumbnail?panoid=KA1cnhruACqO4HoSBiP0sg&cb_client=maps_sv.tactile.gps&w=224&h=298&yaw=38.05017&pitch=0&thumbfov=100
ChIJ08CjcTI1nzkR-KQqYzplTvk,Masjid Mufti Ajam-e-hind (Hazrat Shaheed Mard Rahmtullah Alaih),Street View & 360deg,https://streetviewpixels-pa.googleapis.com/v1/thumbnail?panoid=KA1cnhruACqO4HoSBiP0sg&cb_client=maps_sv.tactile.gps&w=224&h=298&yaw=38.05017&pitch=0&thumbfov=100
ChIJlXo5O2znnTkRXa7d2E83kyI,Muslim Masjid,All,https://lh5.googleusercontent.com/p/AF1QipPNPcT35MJIgB0f4gwKwLyxYERJSsnztx_y61cb=w224-h298-k-no
ChIJlXo5O2znnTkRXa7d2E83kyI,Muslim Masjid,Videos,https://lh5.googleusercontent.com/p/AF1QipPd1CjMzP92hYr2BWRCZplvQCu1pjbXI_hFwXfv=w298-h298-k-no
ChIJSdUIY87vmTkRgoYLWqR8rcc,Gareeb Nawaz Masjid Pathan Purwa,All,https://lh5.googleusercontent.com/p/AF1QipOVS3HOsOJGB1HRDaLW9d98fTYLr_pNLa4xZu5p=w224-h496-k-no
ChIJSdUIY87vmTkRgoYLWqR8rcc,Gareeb Nawaz Masjid Pathan Purwa,Dome,https://lh5.googleusercontent.com/p/AF1QipNc318mcUIi-k73cpp3fN_IB46rDrsrGu9iEPal=w224-h496-k-no
ChIJKYO-Tm4JmTkRYqpgLY_ZFPQ,Farooqi Masjid Balkaran Purwa,All,https://lh5.googleusercontent.com/p/AF1QipNVB6QBl4jUUBpq4OeQpnqpvx3AhIArNof_UJE=w397-h298-k-no
ChIJFzSRMz75mzkRAl0-tYKKfg0,Jama masjid haseen purwa bijnaur,All,https://lh5.googleusercontent.com/p/AF1QipP3l6UcuaLjai31EGv0kbHg0-HX_rDMsnb3re-z=w529-h298-k-no
ChIJFzSRMz75mzkRAl0-tYKKfg0,Jama masjid haseen purwa bijnaur,Street View & 360deg,https://streetviewpixels-pa.googleapis.com/v1/thumbnail?panoid=L3NI308u918oJ0Vu_Lx5yw&cb_client=maps_sv.tactile.gps&w=224&h=298&yaw=254.6205&pitch=0&thumbfov=100
ChIJtSgfAtNnmDkRTQ3VVajHrm0,Kingariyan purwa Masjid,All,https://lh5.googleusercontent.com/p/AF1QipMNbIMUfsfUuL-LxfZghVu_MIeT8WTdFznEvZo8=w224-h298-k-no
ChIJtSgfAtNnmDkRTQ3VVajHrm0,Kingariyan purwa Masjid,Videos,https://lh5.googleusercontent.com/p/AF1QipNj58pjTDSYgAy86Gm_oF6eprcFtPjwRAohUNeo=w529-h298-k-no
ChIJU4UhmFnHnzkR96oPCGK6OSA,Masjid Dumkaapur,All,https://lh5.googleusercontent.com/p/AF1QipM3XPcRL57nZ5x6duilOQScuzmpamvymak3Amc3=w224-h298-k-no
ChIJU4UhmFnHnzkR96oPCGK6OSA,Masjid Dumkaapur,Street View & 360deg,https://streetviewpixels-pa.googleapis.com/v1/thumbnail?panoid=Kbh6wr2tZlPq5TXLcbHq0A&cb_client=maps_sv.tactile.gps&w=224&h=298&yaw=126.92949&pitch=0&thumbfov=100
ChIJU4UhmFnHnzkR96oPCGK6OSA,Masjid Dumkaapur,Videos,https://lh5.googleusercontent.com/p/AF1QipPQ4Ky2VydTTgfq8lEbi3beDS27lde9olehJlmO=w224-h398-k-no
ChIJ6RhSzZw3mDkRwulGQSAsguY,Masjid Riharpurwa (Joga Gaon),All,https://streetviewpixels-pa.googleapis.com/v1/thumbnail?panoid=XoF1QgXkY2Nn6VHSfgRemA&cb_client=maps_sv.tactile.gps&w=224&h=298&yaw=265.65222&pitch=0&thumbfov=100
ChIJ6RhSzZw3mDkRwulGQSAsguY,Masjid Riharpurwa (Joga Gaon),Latest,https://lh5.googleusercontent.com/p/AF1QipMF3TCh4pkPhjhdH_Mw6G8RviDJnoqOMMoXFNgp=w224-h397-k-no
ChIJ6RhSzZw3mDkRwulGQSAsguY,Masjid Riharpurwa (Joga Gaon),Videos,https://lh5.googleusercontent.com/p/AF1QipMoiJRZbuHLYY3QxOL5GmPEYEM670w-Hm_v4Gjy=w529-h298-k-no
ChIJ6RhSzZw3mDkRwulGQSAsguY,Masjid Riharpurwa (Joga Gaon),Street View & 360deg,https://streetviewpixels-pa.googleapis.com/v1/thumbnail?panoid=XoF1QgXkY2Nn6VHSfgRemA&cb_client=maps_sv.tactile.gps&w=224&h=298&yaw=265.65222&pitch=0&thumbfov=100
ChIJh5yQ4grjDDkRhvvrEFbaPUo,New Masjid Begampur,All,https://streetviewpixels-pa.googleapis.com/v1/thumbnail?panoid=V9B8qmwNVY1scFF4WEZpXA&cb_client=maps_sv.tactile.gps&w=224&h=298&yaw=107.909935&pitch=0&thumbfov=100
ChIJh5yQ4grjDDkRhvvrEFbaPUo,New Masjid Begampur,Street View & 360deg,https://streetviewpixels-pa.googleapis.com/v1/thumbnail?panoid=V9B8qmwNVY1scFF4WEZpXA&cb_client=maps_sv.tactile.gps&w=224&h=298&yaw=107.909935&pitch=0&thumbfov=100
ChIJIVLAB2kFDTkR71g5Q38IGFc,phaaruuk'ii msjid,All,https://lh5.googleusercontent.com/p/AF1QipPF2bcB9CrzeM-rZgALcRvSi7eK_wGFSk47ixcr=w224-h298-k-no
ChIJIVLAB2kFDTkR71g5Q38IGFc,phaaruuk'ii msjid,Street View & 360deg,https://streetviewpixels-pa.googleapis.com/v1/thumbnail?panoid=QRxYW62EF4Us5Nsl1eGLJQ&cb_client=maps_sv.tactile.gps&w=224&h=298&yaw=241.61224&pitch=0&thumbfov=100
ChIJIVLAB2kFDTkR71g5Q38IGFc,phaaruuk'ii msjid,Videos,https://lh5.googleusercontent.com/p/AF1QipMtjRxi2OlXgUKqP6Vozb69GUERLvrXPaYb2I9O=w529-h298-k-no
ChIJKdYTRZYdDTkRplrcDErXS40,Depo Wali Masjid,All,https://lh5.googleusercontent.com/p/AF1QipOKKbGbY2TubK_-Cc8gHqRPNlDH3DEL9i7sorVY=w397-h298-k-no
ChIJz5Vg8ttRmDkRp9YwsbOQOYw,Gausiya masjid Badal Purwa,All,https://lh5.googleusercontent.com/p/AF1QipOyZMnJlsaiyhC8OZMwcXLfvln54JhmVYgpA8Lb=w224-h496-k-no
ChIJwfxM6QwHojkRb9IAU-QZ1C8,Ayesha Masjid & Madarsa Faijululoom Bajar Purwa,All,https://lh5.googleusercontent.com/p/AF1QipPOG2fXfY9laPbqR5A8bE3H77TkxkFPWj1b6338=w529-h298-k-no
ChIJGRGWLRn1mDkRRfgulrdhYUc,Buddhupurwa masjid,All,https://lh5.googleusercontent.com/p/AF1QipMXHKZzX_dfkos4ghqPNJlt0PVyKIX1cCQIiZdy=w529-h298-k-no
ChIJGRGWLRn1mDkRRfgulrdhYUc,Buddhupurwa masjid,Latest,https://lh5.googleusercontent.com/p/AF1QipN_RBsRKLQTraqLNUNMV_gZkeSl5hKIqyNVtDXl=w224-h398-k-no
ChIJGRGWLRn1mDkRRfgulrdhYUc,Buddhupurwa masjid,Videos,https://lh5.googleusercontent.com/p/AF1QipOGj4K14-nlIBJfgn1TP99nQe9qXAeQ2tvrBXKW=w224-h398-k-no
ChIJI1Ac7FRPmDkRmihU-vFagKA,Goushiya Masjid,All,https://lh5.googleusercontent.com/p/AF1QipOMEQ_ReAWJuouiJXW4u3CNS1CfFmBBru9uxrvw=w224-h298-k-no
ChIJuUx9GZTadDkReZ75_SU1HZA,Meo Masjid,All,https://lh5.googleusercontent.com/p/AF1QipPBSTxjSusoe-FcBcPuqlYEiWNyJhaAA2HVv6UZ=w224-h395-k-no
ChIJuUx9GZTadDkReZ75_SU1HZA,Meo Masjid,Videos,https://lh5.googleusercontent.com/p/AF1QipPBSTxjSusoe-FcBcPuqlYEiWNyJhaAA2HVv6UZ=w224-h395-k-no
ChIJv3XD7zzLmDkRxCUrKVKIDCg,Mohan purwa masjid,All,https://streetviewpixels-pa.googleapis.com/v1/thumbnail?panoid=xwZAeuuZTq30A93OSsUVTQ&cb_client=maps_sv.tactile.gps&w=224&h=298&yaw=292.19528&pitch=0&thumbfov=100
ChIJv3XD7zzLmDkRxCUrKVKIDCg,Mohan purwa masjid,Street View & 360deg,https://streetviewpixels-pa.googleapis.com/v1/thumbnail?panoid=xwZAeuuZTq30A93OSsUVTQ&cb_client=maps_sv.tactile.gps&w=224&h=298&yaw=292.19528&pitch=0&thumbfov=100
ChIJX5Gsr9CrmTkRW_QX92uvjQE,Sai Purwa Masjid,All,https://lh5.googleusercontent.com/p/AF1QipP0fKehPZffnf6eRjiLODEOvIG2eaao1BCjtB4=w224-h398-k-no
ChIJX5Gsr9CrmTkRW_QX92uvjQE,Sai Purwa Masjid,Videos,https://lh5.googleusercontent.com/p/AF1QipOEM_Xeyvvc4vGvQkZVqN-ayO0jnWjAZTwDzuE=w224-h398-k-no
ChIJHSzE1jGpmTkRz-6Y_g7bRdE,Jama masjid julahan Purva,All,https://lh5.googleusercontent.com/p/AF1QipOAqzBTLCV2KtXTA2TfT4mg5uUiekTT2wev7YJM=w397-h298-k-no
ChIJ0YdEekZTmDkRiZbYvJ96-hM,Gousiya Masjid karamat purva,All,https://lh5.googleusercontent.com/p/AF1QipOUQ89k9_hGURCGXOnPatToxa_Y90PJ_GQXoCMq=w224-h398-k-no
ChIJ0YdEekZTmDkRiZbYvJ96-hM,Gousiya Masjid karamat purva,Videos,https://lh5.googleusercontent.com/p/AF1QipPolGgJdkxPvm3bwaA0z4q77M031W1R21nbvMBe=w224-h398-k-no
ChIJ1c49nlybmTkRjETJjfZM8FE,Rajwapur masjid,All,https://lh5.googleusercontent.com/p/AF1QipMNRciE2rI-_M6rS5RELDJ-PFDB3viEgf2pgx0l=w529-h298-k-no
ChIJ1c49nlybmTkRjETJjfZM8FE,Rajwapur masjid,Street View & 360deg,https://streetviewpixels-pa.googleapis.com/v1/thumbnail?panoid=MLCtPmV1o--7nBcNtBSrXg&cb_client=maps_sv.tactile.gps&w=224&h=298&yaw=337.9565&pitch=0&thumbfov=100
ChIJ1c49nlybmTkRjETJjfZM8FE,Rajwapur masjid,Videos,https://lh5.googleusercontent.com/p/AF1QipND88J_NmKUKR9AtTl4OHkvtLjVVTl4fInuidLa=w529-h298-k-no
ChIJxcDIbllbmTkRKacXPowRN68,Masjid Kallu Purwa,All,https://lh5.googleusercontent.com/p/AF1QipN7msREVEaaHd12Ag2poOAG56GPXLhPxpuTKK_T=w298-h298-k-no
ChIJxcDIbllbmTkRKacXPowRN68,Masjid Kallu Purwa,Street View & 360deg,https://streetviewpixels-pa.googleapis.com/v1/thumbnail?panoid=3evqADKYy9jszanmzzUszQ&cb_client=maps_sv.tactile.gps&w=224&h=298&yaw=12.567898&pitch=0&thumbfov=100
ChIJUbpmrmXxmTkR-UtH4VDAprs,Sunni jama Masjid Bichle Purwa Near Gonda City',All,https://lh5.googleusercontent.com/p/AF1QipOP2uO5X98rHCN7YH4p8yxljoaWSGS8knXobpUE=w224-h298-k-no
ChIJLwspI4zxmDkRm_LRLDWpuMY,Qadri masjid (qdry msjd),All,https://lh5.googleusercontent.com/p/AF1QipMIwCcJy9TapiECV2_807_xd9P7cukusX41SiDQ=w529-h298-k-no
ChIJ3e9MP_ytmTkROOQ2VrCm7bE,Noori Masjid Teliyan Purwa,All,https://lh5.googleusercontent.com/p/AF1QipMNbRdm-46DMBgHPdiW_KvF_DbyGyEv8Fak4Bpg=w224-h398-k-no
ChIJ3e9MP_ytmTkROOQ2VrCm7bE,Noori Masjid Teliyan Purwa,Street View & 360deg,https://streetviewpixels-pa.googleapis.com/v1/thumbnail?panoid=mNwrIDELYPkuuMTKPIsw7w&cb_client=maps_sv.tactile.gps&w=224&h=298&yaw=150.34793&pitch=0&thumbfov=100
ChIJ3e9MP_ytmTkROOQ2VrCm7bE,Noori Masjid Teliyan Purwa,Videos,https://lh5.googleusercontent.com/p/AF1QipN-Q9h8RqVyusZSKEqbT5aEoDWa9c6DSG6usCD6=w224-h398-k-no
ChIJUyIhRkTLmDkRH0nKrDcfPmw,Amkotwa purwa Eidgah,All,https://streetviewpixels-pa.googleapis.com/v1/thumbnail?panoid=aTl6TC1qg8sliVRpqRNizw&cb_client=maps_sv.tactile.gps&w=224&h=298&yaw=169.06953&pitch=0&thumbfov=100
ChIJUyIhRkTLmDkRH0nKrDcfPmw,Amkotwa purwa Eidgah,Street View & 360deg,https://streetviewpixels-pa.googleapis.com/v1/thumbnail?panoid=aTl6TC1qg8sliVRpqRNizw&cb_client=maps_sv.tactile.gps&w=224&h=298&yaw=169.06953&pitch=0&thumbfov=100
ChIJG75rTuudmTkRhkYE2SA-Ju0,Amina Kareem Masjid,All,https://lh5.googleusercontent.com/p/AF1QipN59IrrsS55Tk6qQ-2PNedrLhkLVsJRJtWg9F-1=w397-h298-k-no
ChIJ9YeN6R5rnjkRncBvpPPF5fg,Aysha Masjid,All,https://streetviewpixels-pa.googleapis.com/v1/thumbnail?panoid=6-evVJyxvbz-0gzmNbWE5A&cb_client=maps_sv.tactile.gps&w=224&h=298&yaw=284.5219&pitch=0&thumbfov=100
ChIJ9YeN6R5rnjkRncBvpPPF5fg,Aysha Masjid,Street View & 360deg,https://streetviewpixels-pa.googleapis.com/v1/thumbnail?panoid=6-evVJyxvbz-0gzmNbWE5A&cb_client=maps_sv.tactile.gps&w=224&h=298&yaw=284.5219&pitch=0&thumbfov=100
ChIJJZCDOKAvmTkRMXi0ldWVC4s,Madina masjid,All,https://lh5.googleusercontent.com/p/AF1QipOHS0IQr2KeGpPDxU3TaAFXTUPfWZI5FHBmXuun=w224-h497-k-no
ChIJJZCDOKAvmTkRMXi0ldWVC4s,Madina masjid,Videos,https://lh5.googleusercontent.com/p/AF1QipP_3Y7HtxCogxBtrN_4A1NOuOGfbFjRmmemU328=w224-h398-k-no
ChIJvdzoJj6EnjkRE0KY6mBX6WU,Masjid,All,https://streetviewpixels-pa.googleapis.com/v1/thumbnail?panoid=FEeAmBhvFhd3WA33owfWyg&cb_client=maps_sv.tactile.gps&w=224&h=298&yaw=347.7468&pitch=0&thumbfov=100
ChIJvdzoJj6EnjkRE0KY6mBX6WU,Masjid,Street View & 360deg,https://streetviewpixels-pa.googleapis.com/v1/thumbnail?panoid=FEeAmBhvFhd3WA33owfWyg&cb_client=maps_sv.tactile.gps&w=224&h=298&yaw=347.7468&pitch=0&thumbfov=100
ChIJN6gAW5YxnDkRghQJqubFIpY,JUMMA MASJID jumaa msjid,All,https://streetviewpixels-pa.googleapis.com/v1/thumbnail?panoid=0MQmnKglgVHu9QyNzfgg8Q&cb_client=maps_sv.tactile.gps&w=224&h=298&yaw=240.24194&pitch=0&thumbfov=100
ChIJN6gAW5YxnDkRghQJqubFIpY,JUMMA MASJID jumaa msjid,Dome,https://lh5.googleusercontent.com/p/AF1QipN2OdklmvlipSdbL68U6K7ispEPJ5vEZtjj1iIO=w662-h298-k-no
ChIJN6gAW5YxnDkRghQJqubFIpY,JUMMA MASJID jumaa msjid,Street View & 360deg,https://streetviewpixels-pa.googleapis.com/v1/thumbnail?panoid=0MQmnKglgVHu9QyNzfgg8Q&cb_client=maps_sv.tactile.gps&w=224&h=298&yaw=240.24194&pitch=0&thumbfov=100
ChIJ08mDHbkTlzkRNlqm1rAMexw,Jama Masjid Aurahwa,All,https://streetviewpixels-pa.googleapis.com/v1/thumbnail?panoid=dPtWr9MfeUZh2r2Z_YylPQ&cb_client=maps_sv.tactile.gps&w=224&h=298&yaw=133.38702&pitch=0&thumbfov=100
ChIJ08mDHbkTlzkRNlqm1rAMexw,Jama Masjid Aurahwa,Street View & 360deg,https://streetviewpixels-pa.googleapis.com/v1/thumbnail?panoid=dPtWr9MfeUZh2r2Z_YylPQ&cb_client=maps_sv.tactile.gps&w=224&h=298&yaw=133.38702&pitch=0&thumbfov=100
ChIJaYnKG7SbDDkRN7M7eF6E6ZQ,Masjid ubarpur,All,https://lh5.googleusercontent.com/p/AF1QipMF-94WTjAdvkbTMC00FdP_z4mnrSc-ePEr-K_y=w224-h398-k-no
ChIJM7ZVgxarmTkRbOzgDt-z7e4,Allahbakhsh Purwa Nayi masjid,All,https://lh5.googleusercontent.com/p/AF1QipOhK_OAKzMT-Wx6Th2OpaS0RmoF4U3j3TKuJ1eX=w397-h298-k-no
ChIJM7ZVgxarmTkRbOzgDt-z7e4,Allahbakhsh Purwa Nayi masjid,Street View & 360deg,https://streetviewpixels-pa.googleapis.com/v1/thumbnail?panoid=2IdS_2-q0jny-1MjekrumA&cb_client=maps_sv.tactile.gps&w=224&h=298&yaw=208.55026&pitch=0&thumbfov=100
ChIJM7ZVgxarmTkRbOzgDt-z7e4,Allahbakhsh Purwa Nayi masjid,Videos,https://lh5.googleusercontent.com/p/AF1QipMN2z570h7uR2oZmjOfn2Ff9YDz_WblDuilhGKi=w224-h398-k-no
ChIJ7cWANTztmTkRxlLMH2JSMdo,Masjid afjal purwa,All,https://lh5.googleusercontent.com/p/AF1QipP8pLkiMQjgiB_tMlJXBQhlgc8NTuHIiFrpvEzs=w224-h298-k-no
ChIJ7cWANTztmTkRxlLMH2JSMdo,Masjid afjal purwa,Dome,https://lh5.googleusercontent.com/p/AF1QipP8pLkiMQjgiB_tMlJXBQhlgc8NTuHIiFrpvEzs=w224-h298-k-no
ChIJQ7wOfJdTmDkR9cl69pWsYqM,Masjid Gulaab purwa,All,https://lh5.googleusercontent.com/p/AF1QipNvoluBNCO0-XNvM1fIm2A2lPn6t_m0tUIg_iWq=w397-h298-k-no
ChIJI2qHqpBTmDkReGGbBUIBBvg,MASJID SHEKH PURWA msjid shekhpur rhmaan khaan,All,https://streetviewpixels-pa.googleapis.com/v1/thumbnail?panoid=Lov_F-EagJrSrllvUSHKgA&cb_client=maps_sv.tactile.gps&w=224&h=298&yaw=50.747578&pitch=0&thumbfov=100
ChIJI2qHqpBTmDkReGGbBUIBBvg,MASJID SHEKH PURWA msjid shekhpur rhmaan khaan,Street View & 360deg,https://streetviewpixels-pa.googleapis.com/v1/thumbnail?panoid=Lov_F-EagJrSrllvUSHKgA&cb_client=maps_sv.tactile.gps&w=224&h=298&yaw=50.747578&pitch=0&thumbfov=100
ChIJ2ycF1kMxmjkRZmdcGoo6uXE,Pathan Ka Purwa Madina Masjid,All,https://lh5.googleusercontent.com/p/AF1QipNNAagGn3P3pk2u_SwZSga4_hZXc7KDvcmIjPlO=w224-h298-k-no
ChIJ2ycF1kMxmjkRZmdcGoo6uXE,Pathan Ka Purwa Madina Masjid,Videos,https://lh5.googleusercontent.com/p/AF1QipN3kpDhXU2G-noTzU6PDMP5iwlbcTd4ixLndjRW=w224-h365-k-no
ChIJ_6qX9JkVmjkRAUe6pXsG3FI,Masjid madkain ka Purwa,All,https://lh5.googleusercontent.com/p/AF1QipOSsw4XN-OfoAMZ5yawKbJ0EndsocPuT5Ih-47x=w395-h298-k-no
ChIJfRLaUE_5njkRVLvjXf8AXrY,Masjid,All,https://streetviewpixels-pa.googleapis.com/v1/thumbnail?panoid=9OYXLxlMpH75544V4enfPA&cb_client=maps_sv.tactile.gps&w=224&h=298&yaw=77.4672&pitch=0&thumbfov=100
ChIJfRLaUE_5njkRVLvjXf8AXrY,Masjid,Street View & 360deg,https://streetviewpixels-pa.googleapis.com/v1/thumbnail?panoid=9OYXLxlMpH75544V4enfPA&cb_client=maps_sv.tactile.gps&w=224&h=298&yaw=77.4672&pitch=0&thumbfov=100
ChIJH0nf2wytkDkRKXKxuYbD_wk,Noorani Masjid Fakiran Purwa Dharampur,All,https://lh5.googleusercontent.com/p/AF1QipMiozpDPSplDwi16Ai2EWAucnlaJMCvIaDSgTvy=w224-h398-k-no
ChIJH0nf2wytkDkRKXKxuYbD_wk,Noorani Masjid Fakiran Purwa Dharampur,Dome,https://lh5.googleusercontent.com/p/AF1QipNjrajPzrM6TD5RTM0rR6qa-NbQGFKqoDTXviGI=w529-h298-k-no
ChIJH0nf2wytkDkRKXKxuYbD_wk,Noorani Masjid Fakiran Purwa Dharampur,Videos,https://lh5.googleusercontent.com/p/AF1QipM6cb3NL26VE_LMmHaSWeeEToMlco2rPx7s9Ce3=w224-h398-k-no
ChIJowKYBsXpmTkRt5ESngYjCgM,Noori masjid dafali purwa mniiss haashmii,All,https://lh5.googleusercontent.com/p/AF1QipNOndygwNXBNAEHcjuZjd1kIhtPH80cus2d4XGG=w224-h489-k-no
ChIJowKYBsXpmTkRt5ESngYjCgM,Noori masjid dafali purwa mniiss haashmii,By owner,https://lh5.googleusercontent.com/p/AF1QipPlZqXf0Rx2s--K7ACTJNoGx-y769aGHL0WNLWy=w446-h298-k-no
ChIJ54DiJAVXCjkRUMo1QPHQ9Ko,Jama masjid wazeedpur,All,https://streetviewpixels-pa.googleapis.com/v1/thumbnail?panoid=Tw5TakJS_9yAA-HUFo1sQg&cb_client=maps_sv.tactile.gps&w=224&h=298&yaw=325.9626&pitch=0&thumbfov=100
ChIJ54DiJAVXCjkRUMo1QPHQ9Ko,Jama masjid wazeedpur,Street View & 360deg,https://streetviewpixels-pa.googleapis.com/v1/thumbnail?panoid=Tw5TakJS_9yAA-HUFo1sQg&cb_client=maps_sv.tactile.gps&w=224&h=298&yaw=325.9626&pitch=0&thumbfov=100
ChIJgyRt8gQBmjkRcH8rwllIlS0,Iddar masjid,All,https://streetviewpixels-pa.googleapis.com/v1/thumbnail?panoid=EwiDToJOjEMCwwIpceqOAA&cb_client=maps_sv.tactile.gps&w=224&h=298&yaw=261.9579&pitch=0&thumbfov=100
ChIJgyRt8gQBmjkRcH8rwllIlS0,Iddar masjid,Street View & 360deg,https://streetviewpixels-pa.googleapis.com/v1/thumbnail?panoid=EwiDToJOjEMCwwIpceqOAA&cb_client=maps_sv.tactile.gps&w=224&h=298&yaw=261.9579&pitch=0&thumbfov=100
ChIJG0iW4hBZmTkRHFexa67Gzt8,Bilal masjid,All,https://streetviewpixels-pa.googleapis.com/v1/thumbnail?panoid=piRBLQ_6ysUPVip3o5sZKw&cb_client=maps_sv.tactile.gps&w=224&h=298&yaw=311.85715&pitch=0&thumbfov=100
ChIJG0iW4hBZmTkRHFexa67Gzt8,Bilal masjid,Street View & 360deg,https://streetviewpixels-pa.googleapis.com/v1/thumbnail?panoid=piRBLQ_6ysUPVip3o5sZKw&cb_client=maps_sv.tactile.gps&w=224&h=298&yaw=311.85715&pitch=0&thumbfov=100
ChIJP8ohewMrmjkRjQ05vyd6yss,MASJID E FAIZAN E MADINA,All,https://lh5.googleusercontent.com/p/AF1QipMKiqXHIS27CRimdjcZcmBgIRKB8ALVrlgmv1id=w224-h298-k-no
ChIJgZu1thn9DDkRSbW1irqNDB0,Masjid Bodsawala Wali,All,https://streetviewpixels-pa.googleapis.com/v1/thumbnail?panoid=V7ypaw0J0fkCCyMxiE8fyw&cb_client=maps_sv.tactile.gps&w=224&h=298&yaw=358.73636&pitch=0&thumbfov=100
ChIJgZu1thn9DDkRSbW1irqNDB0,Masjid Bodsawala Wali,Street View & 360deg,https://streetviewpixels-pa.googleapis.com/v1/thumbnail?panoid=V7ypaw0J0fkCCyMxiE8fyw&cb_client=maps_sv.tactile.gps&w=224&h=298&yaw=358.73636&pitch=0&thumbfov=100
ChIJ007S8QU1nzkRaisCI1ku4RY,Masjid purwa,All,https://streetviewpixels-pa.googleapis.com/v1/thumbnail?panoid=hqfa4FF4tOfILi9O2W1wWw&cb_client=maps_sv.tactile.gps&w=224&h=298&yaw=282.95605&pitch=0&thumbfov=100
ChIJ007S8QU1nzkRaisCI1ku4RY,Masjid purwa,Street View & 360deg,https://streetviewpixels-pa.googleapis.com/v1/thumbnail?panoid=hqfa4FF4tOfILi9O2W1wWw&cb_client=maps_sv.tactile.gps&w=224&h=298&yaw=282.95605&pitch=0&thumbfov=100
ChIJz3RvPAXjDDkRmU_LCZzXuDM,Masjid,All,https://streetviewpixels-pa.googleapis.com/v1/thumbnail?panoid=KGfWyv1id67w9R2SxVM_jA&cb_client=maps_sv.tactile.gps&w=224&h=298&yaw=101.49368&pitch=0&thumbfov=100
ChIJz3RvPAXjDDkRmU_LCZzXuDM,Masjid,Street View & 360deg,https://streetviewpixels-pa.googleapis.com/v1/thumbnail?panoid=KGfWyv1id67w9R2SxVM_jA&cb_client=maps_sv.tactile.gps&w=224&h=298&yaw=101.49368&pitch=0&thumbfov=100
ChIJ24ciJ1cBDTkRs22erhQMUdA,Mukhmelpur Masjid/Eidgaha,All,https://streetviewpixels-pa.googleapis.com/v1/thumbnail?panoid=ubtmW7wArq4Z9mgzVN95Ng&cb_client=maps_sv.tactile.gps&w=224&h=298&yaw=208.38434&pitch=0&thumbfov=100
ChIJ24ciJ1cBDTkRs22erhQMUdA,Mukhmelpur Masjid/Eidgaha,Street View & 360deg,https://streetviewpixels-pa.googleapis.com/v1/thumbnail?panoid=ubtmW7wArq4Z9mgzVN95Ng&cb_client=maps_sv.tactile.gps&w=224&h=298&yaw=208.38434&pitch=0&thumbfov=100
ChIJkzLBEMNbmTkRtYsmtv-nikI,Masjid Haji Hakimuddin Kallu Purwa,All,https://streetviewpixels-pa.googleapis.com/v1/thumbnail?panoid=Qt8O9PMKahJ7SgyN7VKqzg&cb_client=maps_sv.tactile.gps&w=224&h=298&yaw=248.18663&pitch=0&thumbfov=100
ChIJkzLBEMNbmTkRtYsmtv-nikI,Masjid Haji Hakimuddin Kallu Purwa,Street View & 360deg,https://streetviewpixels-pa.googleapis.com/v1/thumbnail?panoid=Qt8O9PMKahJ7SgyN7VKqzg&cb_client=maps_sv.tactile.gps&w=224&h=298&yaw=248.18663&pitch=0&thumbfov=100
ChIJkQm86pb5mDkRW8LkoylP_UE,Masjid khairi Purwa,All,https://streetviewpixels-pa.googleapis.com/v1/thumbnail?panoid=kFyLKq9agT62ZbPI-M99Qg&cb_client=maps_sv.tactile.gps&w=224&h=298&yaw=284.1809&pitch=0&thumbfov=100
ChIJkQm86pb5mDkRW8LkoylP_UE,Masjid khairi Purwa,Street View & 360deg,https://streetviewpixels-pa.googleapis.com/v1/thumbnail?panoid=kFyLKq9agT62ZbPI-M99Qg&cb_client=maps_sv.tactile.gps&w=224&h=298&yaw=284.1809&pitch=0&thumbfov=100
ChIJHXlhk02PmTkR-rXSbTfqNA8,The masjid sohrat purwa,All,https://lh5.googleusercontent.com/p/AF1QipPqP2qle9LPAvqED2iiDg3FEjVIq7iOna-ORICS=w224-h298-k-no
ChIJHXlhk02PmTkR-rXSbTfqNA8,The masjid sohrat purwa,Videos,https://lh5.googleusercontent.com/p/AF1QipMjrfNuRl8rqB-u3HClU9DXOJEHrGBr_pyr_knv=w224-h398-k-no
ChIJQWFSoAKrmTkR_pqgcnPu9Uc,Masjid Ali Murtaza R. A. Botal Purwa,All,https://streetviewpixels-pa.googleapis.com/v1/thumbnail?panoid=Ey_uE6Ur3kPQ-NRP6WzalA&cb_client=maps_sv.tactile.gps&w=224&h=298&yaw=255.35936&pitch=0&thumbfov=100
ChIJQWFSoAKrmTkR_pqgcnPu9Uc,Masjid Ali Murtaza R. A. Botal Purwa,Street View & 360deg,https://streetviewpixels-pa.googleapis.com/v1/thumbnail?panoid=Ey_uE6Ur3kPQ-NRP6WzalA&cb_client=maps_sv.tactile.gps&w=224&h=298&yaw=255.35936&pitch=0&thumbfov=100
ChIJpZGNIk-NmTkRJxQ7FAmOUDM,Masjid pathan purwa,All,https://streetviewpixels-pa.googleapis.com/v1/thumbnail?panoid=y18Px4KS3gGoADt5M9cgRQ&cb_client=maps_sv.tactile.gps&w=224&h=298&yaw=317.82962&pitch=0&thumbfov=100
ChIJpZGNIk-NmTkRJxQ7FAmOUDM,Masjid pathan purwa,Street View & 360deg,https://streetviewpixels-pa.googleapis.com/v1/thumbnail?panoid=y18Px4KS3gGoADt5M9cgRQ&cb_client=maps_sv.tactile.gps&w=224&h=298&yaw=317.82962&pitch=0&thumbfov=100
ChIJPU_FMwmnmTkRH95QhkoEPgU,"Masjid abubakr, rajisterd 2396",All,https://lh5.googleusercontent.com/p/AF1QipP75BlejIW_yS6hHvYkEeQCDCe6jasgvBgX_mqB=w224-h298-k-no
ChIJPU_FMwmnmTkRH95QhkoEPgU,"Masjid abubakr, rajisterd 2396",Dome,https://lh5.googleusercontent.com/p/AF1QipPsHUFDkdSQRzEuu-7yPDm49bEHOA-_b-Pm8rGv=w663-h298-k-no
ChIJPU_FMwmnmTkRH95QhkoEPgU,"Masjid abubakr, rajisterd 2396",Videos,https://lh5.googleusercontent.com/p/AF1QipOVAFq4-2dEdxCAQf0y44bdn7WBWlb83zwO2C2Q=w224-h497-k-no
ChIJPU_FMwmnmTkRH95QhkoEPgU,"Masjid abubakr, rajisterd 2396",By owner,https://lh5.googleusercontent.com/p/AF1QipNgYwlXYVmKLnYtbnzQvoT0FbB4G9LaRyq_IX18=w224-h298-k-no
ChIJsbC3CU2nmTkRzjzfcGKdGwg,Qadri masjid,All,https://lh5.googleusercontent.com/p/AF1QipOd5YhJAgj9D6YH7PCSW5eHySHnsM2cBl-QUmVJ=w224-h497-k-no
ChIJsbC3CU2nmTkRzjzfcGKdGwg,Qadri masjid,Videos,https://lh5.googleusercontent.com/p/AF1QipPgKhu9qNjUTZX6INYi1SbTpaFCreizyicdnKXN=w224-h433-k-no
ChIJv53NW7i5DDkRp9YE3YbkS_8,Jama Masjid,All,https://lh5.googleusercontent.com/p/AF1QipMkcwsMMHXQ-vLrQYlgDmzKvCP7kYgrOQ6XbVNl=w224-h398-k-no
ChIJv53NW7i5DDkRp9YE3YbkS_8,Jama Masjid,Street View & 360deg,https://streetviewpixels-pa.googleapis.com/v1/thumbnail?panoid=Wk7MoKlxlNBpaoeBUsPbLA&cb_client=maps_sv.tactile.gps&w=224&h=298&yaw=47.287533&pitch=0&thumbfov=100
ChIJv53NW7i5DDkRp9YE3YbkS_8,Jama Masjid,Videos,https://lh5.googleusercontent.com/p/AF1QipOSE-NiUvVjF6JYgnGhH2jdYSCftn5E8mxj6IGH=w224-h448-k-no
ChIJW9y4efAjmjkROvUhlExRC20,Masjid abubakar meesa,All,https://streetviewpixels-pa.googleapis.com/v1/thumbnail?panoid=EZvdTGUROcYEXkQYytWyww&cb_client=maps_sv.tactile.gps&w=224&h=298&yaw=269.04468&pitch=0&thumbfov=100
ChIJW9y4efAjmjkROvUhlExRC20,Masjid abubakar meesa,Street View & 360deg,https://streetviewpixels-pa.googleapis.com/v1/thumbnail?panoid=EZvdTGUROcYEXkQYytWyww&cb_client=maps_sv.tactile.gps&w=224&h=298&yaw=269.04468&pitch=0&thumbfov=100
ChIJb6fg9gmfnjkRqIEVfg06mdc,OLD MASJID,All,https://streetviewpixels-pa.googleapis.com/v1/thumbnail?panoid=9dBoc8uM8f1667hUXPhiJw&cb_client=maps_sv.tactile.gps&w=224&h=298&yaw=18.346104&pitch=0&thumbfov=100
ChIJb6fg9gmfnjkRqIEVfg06mdc,OLD MASJID,Street View & 360deg,https://streetviewpixels-pa.googleapis.com/v1/thumbnail?panoid=9dBoc8uM8f1667hUXPhiJw&cb_client=maps_sv.tactile.gps&w=224&h=298&yaw=18.346104&pitch=0&thumbfov=100
